width_of_automata,angle_of_n_phenomenon_on_left,queue_depth
6.0,56.309932474020215,5.0
7.0,16.927513064147046,15.0
8.0,33.690067525979785,10.0
9.0,39.28940686250036,10.0
10.0,32.00538320808349,13.0
11.0,32.9052429229879,14.0
12.0,23.198590513648185,20.0
13.0,27.474431626277127,19.0
14.0,25.016893478100023,22.0
15.0,33.11134196037203,19.0
16.0,36.02737338510361,19.0
17.0,38.99099404250548,19.0
18.0,24.227745317954174,29.0
19.0,19.72227776444705,36.0
20.0,21.037511025421818,36.0
21.0,22.38013505195957,36.0
22.0,21.44773632710535,39.0
23.0,29.291362170984264,32.0
24.0,30.96375653207352,32.0
25.0,32.66091272167381,32.0
26.0,21.501434324047903,46.0
27.0,26.146841235580894,41.0
28.0,28.300755766006368,40.0
29.0,29.62374875117381,40.0
30.0,20.556045219583467,55.0
31.0,33.40782458970893,39.0
32.0,34.824489156956794,39.0
33.0,36.25383773744479,39.0
34.0,25.90650799951439,52.0
35.0,19.840698083968352,66.0
36.0,20.556045219583467,66.0
37.0,21.279604427695407,66.0
38.0,27.18111108547722,56.0
39.0,23.66314070819435,64.0
40.0,24.443954780416536,64.0
41.0,25.23283132320835,64.0
42.0,25.51387042753425,65.0
43.0,20.179458664510925,80.0
44.0,18.178018798418503,89.0
45.0,21.370622269343183,80.0
46.0,19.21267181718564,89.0
47.0,21.22765118863529,84.0
48.0,21.801409486351808,84.0
49.0,22.38013505195957,84.0
50.0,18.434948822922014,100.0
51.0,20.695450734063282,93.0
52.0,21.209226134222806,93.0
53.0,21.434604129418034,94.0
54.0,26.995838394086622,80.0
55.0,22.466749920995735,94.0
56.0,22.988716802080642,94.0
57.0,23.514556682936586,94.0
58.0,22.217594269518308,100.0
59.0,20.35833800044165,109.0
60.0,20.794114955503648,109.0
61.0,21.232892295418434,109.0
62.0,24.8293465881496,98.0
63.0,23.7763434972338,103.0
64.0,24.26129085247779,103.0
65.0,24.74936649071752,103.0
66.0,21.682291613244935,116.0
67.0,22.34476729132021,115.0
68.0,23.286064918223573,113.0
69.0,23.72503002829328,113.0
70.0,21.467651439098987,124.0
71.0,25.478269724079794,110.0
72.0,25.942295489871675,110.0
73.0,26.40893227321969,110.0
74.0,20.492594769870287,136.0
75.0,20.277160447689482,139.0
76.0,20.61818812310449,139.0
77.0,20.961065734541567,139.0
78.0,27.7904424794521,113.0
79.0,19.67024589180056,150.0
80.0,20.32313682966294,148.0
81.0,20.64360874720361,148.0
82.0,22.91282839677165,138.0
83.0,16.455752684582816,182.0
84.0,16.812626235424208,181.0
85.0,17.294254389308247,179.0
86.0,18.302626241748182,173.0
87.0,26.965714432870143,129.0
88.0,27.36821042888825,129.0
89.0,27.772511773549052,129.0
90.0,22.43299092212539,154.0
91.0,21.168099470551677,163.0
92.0,21.4628859247198,163.0
93.0,21.75899959068249,163.0
94.0,21.38862282781884,167.0
95.0,19.057704510128328,185.0
96.0,19.308672934889184,185.0
97.0,19.56070353252439,185.0
98.0,21.721050801997308,172.0
99.0,18.55140349896741,197.0
100.0,18.785020512595423,197.0
101.0,19.01957934362719,197.0
102.0,23.198590513648185,170.0
103.0,23.314222605928737,171.0
104.0,23.604115042914238,171.0
105.0,23.895161415070373,171.0
106.0,20.46755759956858,195.0
107.0,19.44992534758651,205.0
108.0,19.67785752120461,205.0
109.0,19.90665103016569,205.0
110.0,22.466749920995735,188.0
111.0,21.01093599044761,200.0
112.0,21.250505507133237,200.0
113.0,21.490959775807546,200.0
114.0,24.00400764811761,185.0
115.0,21.974507991471963,200.0
116.0,22.217594269518308,200.0
117.0,22.461549959171915,200.0
118.0,22.420427435973696,202.0
119.0,19.774354301875807,225.0
120.0,19.98310652189998,225.0
121.0,20.19257102685824,225.0
122.0,21.99740340664216,212.0
123.0,22.91282839677165,207.0
124.0,23.15088379735156,207.0
125.0,23.389735023919386,207.0
126.0,22.11936282358231,218.0
127.0,20.10233456150803,237.0
128.0,20.30156056274345,237.0
129.0,20.50142580856625,237.0
130.0,20.924501744921166,235.0
131.0,23.108432005036,219.0
132.0,23.33404127670978,219.0
133.0,23.560358583763804,219.0
134.0,21.395884957085762,238.0
135.0,20.503847439144394,248.0
136.0,20.695450734063282,248.0
137.0,20.887634515032662,248.0
138.0,19.578952124829108,263.0
139.0,20.43811817158391,256.0
140.0,20.623531383325233,256.0
141.0,20.80948995187326,256.0
142.0,20.293973727576844,263.0
143.0,21.183037002975762,256.0
144.0,21.370622269343183,256.0
145.0,21.55874645934729,256.0
146.0,24.798132453437727,231.0
147.0,21.301826089261414,262.0
148.0,21.279604427695407,264.0
149.0,21.461766800952674,264.0
150.0,20.556045219583467,275.0
151.0,19.061963786028386,294.0
152.0,18.97765310176015,297.0
153.0,19.628438246904047,291.0
154.0,22.488503054753426,263.0
155.0,18.143740252900734,314.0
156.0,18.88608736970929,306.0
157.0,19.03724757743823,306.0
158.0,20.52628118095534,290.0
159.0,21.14952609192308,285.0
160.0,21.31791227546156,285.0
161.0,21.48673367536136,285.0
162.0,23.08931706791716,271.0
163.0,21.53781721191432,288.0
164.0,21.705436746105576,288.0
165.0,21.873479611251195,288.0
166.0,18.1627618941849,336.0
167.0,21.544059818611522,295.0
168.0,21.707712465193747,295.0
169.0,21.87176857441503,295.0
170.0,21.5713071912546,300.0
171.0,18.236005943561388,345.0
172.0,18.368557451114995,345.0
173.0,18.50141721481287,345.0
174.0,20.802418290479537,316.0
175.0,20.787239847001146,318.0
176.0,20.93728527427466,318.0
177.0,21.087682448249115,318.0
178.0,23.16533701795473,297.0
179.0,21.64791943768812,315.0
180.0,21.801409486351808,315.0
181.0,21.955252790048362,315.0
182.0,22.020596556015665,316.0
183.0,20.9892009361004,330.0
184.0,21.134239880367225,330.0
185.0,21.279604427695407,330.0
186.0,22.10273687845344,322.0
187.0,19.95630357070696,351.0
188.0,20.090435362041315,351.0
189.0,20.224859431168078,351.0
190.0,23.83874018317173,310.0
191.0,21.657502197791306,336.0
192.0,21.801409486351808,336.0
193.0,21.945627253189308,336.0
194.0,20.104532454731075,362.0
195.0,22.151145987046256,337.0
196.0,22.29568144780529,337.0
197.0,22.440522655561658,337.0
198.0,21.92177859395915,345.0
199.0,22.30879774143074,342.0
200.0,22.20347853205739,345.0
201.0,22.59459111663465,342.0
202.0,22.486347497879553,345.0
203.0,18.83843355798076,399.0
204.0,18.954231699511173,399.0
205.0,19.07025904939891,399.0
206.0,22.47265944389913,352.0
207.0,20.797603991093357,376.0
208.0,20.924501744921166,376.0
209.0,21.051651148410443,376.0
210.0,21.61477894278625,370.0
211.0,21.523905459090713,373.0
212.0,21.653263004572,373.0
213.0,21.782873162342067,373.0
214.0,22.446861473089207,366.0
215.0,20.179458664510925,400.0
216.0,20.42602476308901,398.0
217.0,20.545199908429048,398.0
218.0,20.029250763880146,408.0
219.0,20.332608771965987,405.0
220.0,20.449547610792575,405.0
221.0,20.566704899369885,405.0
222.0,21.211824817979775,397.0
223.0,20.545491567186136,409.0
224.0,20.66167891168465,409.0
225.0,20.778079791776992,409.0
226.0,19.009454248996416,441.0
227.0,22.10119999510962,393.0
228.0,22.225030451113557,393.0
229.0,22.34908604153444,393.0
230.0,22.04448103207324,399.0
231.0,21.81852803365036,404.0
232.0,21.93848046770647,404.0
233.0,22.058647115253983,404.0
234.0,21.241319074710265,418.0
235.0,21.037511025421818,423.0
236.0,21.150718784933023,423.0
237.0,21.264124660552305,423.0
238.0,21.968647130249252,414.0
239.0,18.97731951935974,467.0
240.0,19.076476821957968,467.0
241.0,19.17580123231135,467.0
242.0,19.070998811136466,471.0
243.0,20.017584661626334,455.0
244.0,20.121135114223808,455.0
245.0,20.224859431168078,455.0
246.0,20.72972674069053,448.0
247.0,20.60381557662608,452.0
248.0,20.709037591649032,452.0
249.0,20.814434322544642,452.0
250.0,21.037511025421818,450.0
251.0,20.509242600101878,461.0
252.0,20.61225427236185,461.0
253.0,20.715434147603887,461.0
254.0,18.70952713390733,502.0
255.0,19.230672375661285,493.0
256.0,19.32499971626368,493.0
257.0,19.419476601748396,493.0
258.0,19.918467808897365,485.0
259.0,19.810162827246682,489.0
